       N       E                     dE             d eps       ncg     rms          rms(c)
DAV:   1     0.627301488001E+01    0.62730E+01   -0.34119E+03  1392   0.327E+02
DAV:   2    -0.111632969666E+02   -0.17436E+02   -0.17067E+02  1956   0.594E+01
DAV:   3    -0.114879501067E+02   -0.32465E+00   -0.32439E+00  1668   0.600E+00
DAV:   4    -0.114888954914E+02   -0.94538E-03   -0.94536E-03  1908   0.399E-01
DAV:   5    -0.114888989722E+02   -0.34807E-05   -0.34807E-05  1680   0.243E-02
RMM:   6    -0.114888989879E+02   -0.15708E-07   -0.15707E-07   684   0.175E-03
   1 F= -.11488899E+02 E0= -.11488899E+02  d E =0.000000E+00
